DB00001,DB00002,DB00004,DB00005,DB00006,DB00007,DB00008,DB00009,DB00010,DB00011,DB00012,DB00013,DB00014,DB00015,DB00016,DB00017,DB00018,DB00019,DB00020,DB00021,DB00022,DB00024,DB00025,DB00026,DB00028,DB00029,DB00030,DB00031,DB00032,DB00033,DB00034,DB00035,DB00036,DB00038,DB00039,DB00040,DB00041,DB00042,DB00043,DB00044,DB00045,DB00046,DB00047,DB00048,DB00050,DB00051,DB00052,DB00054,DB00055,DB00056,DB00058,DB00060,DB00061,DB00062,DB00063,DB00064,DB00065,DB00066,DB00067,DB00068,DB00069,DB00070,DB00071,DB00072,DB00073,DB00074,DB00075,DB00078,DB00081,DB00082,DB00083,DB00086,DB00087,DB00089,DB00091,DB00092,DB00093,DB00094,DB00095,DB00097,DB00098,DB00099,DB00100,DB00102,DB00104,DB00105,DB00106,DB00107,DB00108,DB00110,DB00111,DB00112,DB00113,DB00114,DB00115,DB00116,DB00117,DB00118,DB00119,DB00120,DB00121,DB00123,DB00125,DB00126,DB00127,DB00128,DB00129,DB00130,DB00131,DB00132,DB00133,DB00135,DB00136,DB00138,DB00139,DB00140,DB00141,DB00142,DB00143,DB00144,DB00145,DB00146,DB00147,DB00148,DB00149,DB00150,DB00151,DB00152,DB00153,DB00154,DB00155,DB00156,DB00157,DB00158,DB00159,DB00160,DB00161,DB00162,DB00163,DB00165,DB00166,DB00167,DB00168,DB00169,DB00170,DB00171,DB00172,DB00173,DB00174,DB00175
100.0,26.20689655172414,7.291666666666667,19.597989949748744,100.0,5.617977528089887,5.154639175257731,16.666666666666664,8.130081300813007,5.154639175257731,5.4945054945054945,16.666666666666664,7.758620689655173,16.666666666666664,5.4945054945054945,8.035714285714286,5.154639175257731,6.097560975609756,5.376344086021505,5.681818181818182,5.154639175257731,7.608695652173914,10.0,15.11627906976744,14.634146341463413,16.666666666666664,7.103825136612022,16.666666666666664,5.0,5.0,5.0,11.214953271028037,5.0,5.813953488372093,5.0,5.434782608695652,7.142857142857142,5.0,6.25,7.82608695652174,5.0,7.103825136612022,13.157894736842104,5.0,11.904761904761903,19.597989949748744,5.0,30.08849557522124,5.0,11.11111111111111,30.275229357798167,5.617977528089887,5.0,5.0,5.0,5.0,19.597989949748744,5.4945054945054945,11.214953271028037,5.154639175257731,5.0,21.782178217821784,5.0,23.52941176470588,5.0,15.730337078651685,5.0,5.0,5.0,25.0,10.0,34.437086092715234,5.0,5.0,5.0,12.643678160919542,5.208333333333334,5.4945054945054945,9.876543209876543,5.0,14.634146341463413,5.0,12.173913043478262,5.0,5.0,5.0,11.904761904761903,5.555555555555555,10.0,5.0,15.730337078651685,5.0,5.0,9.090909090909092,5.0,5.0,5.0,4.761904761904762,9.67741935483871,5.0,5.0,5.0,5.0,5.813953488372093,5.617977528089887,5.0,5.0,8.433734939759036,12.145748987854251,5.747126436781609,5.0,5.0,20.161290322580644,5.0,10.344827586206897,5.747126436781609,5.747126436781609,5.0,5.0,5.0,11.650485436893204,14.615384615384617,5.0,5.617977528089887,5.0,12.790697674418606,5.0,5.813953488372093,14.615384615384617,8.433734939759036,5.0,5.0,5.0,5.0,10.915492957746478,9.67741935483871,5.0,5.0,5.0,4.132231404958678,5.0,5.0,4.587155963302752,14.615384615384617,16.666666666666664,19.718309859154928,5.0,5.0,5.0,8.421052631578947
26.20689655172414,100.0,5.88235294117647,27.941176470588236,26.20689655172414,4.464285714285714,4.166666666666666,6.7669172932330826,8.333333333333332,4.166666666666666,4.385964912280701,6.7669172932330826,8.823529411764707,6.7669172932330826,4.385964912280701,5.88235294117647,4.166666666666666,4.761904761904762,4.310344827586207,4.504504504504505,4.166666666666666,6.086956521739131,11.627906976744185,11.926605504587156,13.592233009708737,6.7669172932330826,7.352941176470589,6.7669172932330826,3.8834951456310676,3.8834951456310676,3.8834951456310676,7.575757575757576,3.8834951456310676,4.587155963302752,3.8834951456310676,4.3478260869565215,5.785123966942149,3.8834951456310676,5.042016806722689,8.88888888888889,3.8834951456310676,7.352941176470589,12.796208530805686,3.8834951456310676,10.377358490566039,27.941176470588236,3.8834951456310676,27.819548872180448,3.8834951456310676,8.653846153846153,24.06015037593985,4.464285714285714,3.8834951456310676,3.8834951456310676,3.8834951456310676,3.8834951456310676,27.941176470588236,4.385964912280701,7.575757575757576,4.166666666666666,3.8834951456310676,25.116279069767444,3.8834951456310676,41.66666666666667,3.8834951456310676,16.666666666666664,3.8834951456310676,3.8834951456310676,3.8834951456310676,23.333333333333332,7.766990291262135,27.683615819209038,3.8834951456310676,3.8834951456310676,3.8834951456310676,10.0,4.201680672268908,4.385964912280701,7.6923076923076925,3.8834951456310676,12.5,3.8834951456310676,9.352517985611511,3.8834951456310676,3.8834951456310676,3.8834951456310676,10.377358490566039,4.424778761061947,7.766990291262135,3.8834951456310676,16.666666666666664,3.8834951456310676,3.8834951456310676,11.016949152542372,3.8834951456310676,3.8834951456310676,3.8834951456310676,3.90625,11.607142857142858,3.8834951456310676,3.8834951456310676,3.8834951456310676,3.8834951456310676,4.587155963302752,4.464285714285714,3.8834951456310676,3.8834951456310676,6.60377358490566,14.068441064638785,4.545454545454546,3.8834951456310676,3.8834951456310676,21.98581560283688,3.8834951456310676,10.185185185185185,4.545454545454546,4.545454545454546,3.8834951456310676,3.8834951456310676,3.8834951456310676,10.4,13.90728476821192,3.8834951456310676,4.464285714285714,3.8834951456310676,10.091743119266056,3.8834951456310676,4.587155963302752,13.90728476821192,6.60377358490566,3.8834951456310676,3.8834951456310676,3.8834951456310676,3.8834951456310676,14.18918918918919,11.607142857142858,3.8834951456310676,3.8834951456310676,3.8834951456310676,3.4722222222222223,3.8834951456310676,3.8834951456310676,3.787878787878788,13.90728476821192,10.99476439790576,26.143790849673206,3.8834951456310676,3.8834951456310676,3.8834951456310676,8.620689655172415
7.291666666666667,5.88235294117647,100.0,5.847953216374268,7.291666666666667,42.30769230769231,50.0,19.230769230769234,22.58064516129032,50.0,56.00000000000001,19.230769230769234,21.428571428571427,19.230769230769234,56.00000000000001,25.49019607843137,50.0,30.434782608695656,51.85185185185185,44.0,50.0,44.827586206896555,14.285714285714285,13.513513513513514,15.625,19.230769230769234,11.200000000000001,19.230769230769234,17.391304347826086,17.391304347826086,17.391304347826086,21.568627450980394,17.391304347826086,47.82608695652174,17.391304347826086,37.93103448275862,92.0,17.391304347826086,12.5,21.818181818181817,17.391304347826086,11.200000000000001,13.66906474820144,17.391304347826086,15.625,5.847953216374268,17.391304347826086,8.433734939759036,17.391304347826086,17.857142857142858,8.974358974358974,48.0,17.391304347826086,17.391304347826086,17.391304347826086,17.391304347826086,5.847953216374268,50.0,21.568627450980394,50.0,17.391304347826086,5.58659217877095,17.391304347826086,8.433734939759036,17.391304347826086,12.195121951219512,17.391304347826086,17.391304347826086,17.391304347826086,11.475409836065573,19.230769230769234,7.352941176470589,17.391304347826086,17.391304347826086,17.391304347826086,32.25806451612903,41.935483870967744,50.0,18.51851851851852,17.391304347826086,15.625,17.391304347826086,22.033898305084744,17.391304347826086,17.391304347826086,17.391304347826086,15.625,40.74074074074074,19.230769230769234,17.391304347826086,12.195121951219512,17.391304347826086,17.391304347826086,13.333333333333334,17.391304347826086,17.391304347826086,17.391304347826086,17.77777777777778,12.5,17.391304347826086,17.391304347826086,17.391304347826086,17.391304347826086,30.76923076923077,19.35483870967742,17.391304347826086,17.391304347826086,17.857142857142858,6.280193236714976,20.689655172413794,17.391304347826086,17.391304347826086,8.235294117647058,17.391304347826086,14.705882352941178,20.689655172413794,20.689655172413794,17.391304347826086,17.391304347826086,17.391304347826086,9.433962264150944,17.94871794871795,17.391304347826086,27.586206896551722,17.391304347826086,14.285714285714285,17.391304347826086,21.428571428571427,17.94871794871795,17.857142857142858,17.391304347826086,17.391304347826086,17.391304347826086,17.391304347826086,6.172839506172839,12.5,17.391304347826086,17.391304347826086,17.391304347826086,13.114754098360656,17.391304347826086,17.391304347826086,29.545454545454547,17.94871794871795,14.782608695652174,9.70873786407767,17.391304347826086,17.391304347826086,17.391304347826086,12.195121951219512
19.597989949748744,27.941176470588236,5.847953216374268,100.0,19.597989949748744,2.9940119760479043,2.857142857142857,7.065217391304348,8.205128205128204,2.857142857142857,2.9585798816568047,7.065217391304348,6.842105263157896,7.065217391304348,2.9585798816568047,6.989247311827956,2.857142857142857,3.125,2.923976608187134,3.0120481927710845,2.857142857142857,4.117647058823529,5.291005291005291,5.357142857142857,4.878048780487805,7.065217391304348,7.450980392156863,7.065217391304348,2.5316455696202533,2.5316455696202533,2.5316455696202533,8.241758241758241,2.5316455696202533,3.048780487804878,2.5316455696202533,2.941176470588235,5.780346820809249,2.5316455696202533,3.4482758620689653,6.878306878306878,2.5316455696202533,7.450980392156863,13.127413127413126,2.5316455696202533,3.614457831325301,100.0,2.5316455696202533,24.30939226519337,2.5316455696202533,5.0,20.21857923497268,2.9940119760479043,2.5316455696202533,2.5316455696202533,2.5316455696202533,2.5316455696202533,100.0,2.9585798816568047,8.241758241758241,2.857142857142857,2.5316455696202533,35.0,2.5316455696202533,17.801047120418847,2.5316455696202533,7.738095238095238,2.5316455696202533,2.5316455696202533,2.5316455696202533,16.0,5.063291139240507,28.899082568807337,2.5316455696202533,2.5316455696202533,2.5316455696202533,8.641975308641975,2.8735632183908044,2.9585798816568047,5.031446540880504,2.5316455696202533,4.878048780487805,2.5316455696202533,6.701030927835052,2.5316455696202533,2.5316455696202533,2.5316455696202533,3.614457831325301,2.976190476190476,5.063291139240507,2.5316455696202533,7.738095238095238,2.5316455696202533,2.5316455696202533,5.681818181818182,2.5316455696202533,2.5316455696202533,2.5316455696202533,2.73224043715847,5.88235294117647,2.5316455696202533,2.5316455696202533,2.5316455696202533,2.5316455696202533,3.048780487804878,2.9940119760479043,2.5316455696202533,2.5316455696202533,3.7037037037037033,17.940199335548172,3.0303030303030303,2.5316455696202533,2.5316455696202533,26.81564245810056,2.5316455696202533,5.454545454545454,3.0303030303030303,3.0303030303030303,2.5316455696202533,2.5316455696202533,2.5316455696202533,4.324324324324325,20.105820105820104,2.5316455696202533,2.9940119760479043,2.5316455696202533,6.0606060606060606,2.5316455696202533,3.048780487804878,20.105820105820104,3.7037037037037033,2.5316455696202533,2.5316455696202533,2.5316455696202533,2.5316455696202533,24.367088607594937,5.88235294117647,2.5316455696202533,2.5316455696202533,2.5316455696202533,2.512562814070352,2.5316455696202533,2.5316455696202533,2.6737967914438503,20.105820105820104,11.715481171548117,16.9811320754717,2.5316455696202533,2.5316455696202533,2.5316455696202533,5.232558139534884
100.0,26.20689655172414,7.291666666666667,19.597989949748744,100.0,5.617977528089887,5.154639175257731,16.666666666666664,8.130081300813007,5.154639175257731,5.4945054945054945,16.666666666666664,7.758620689655173,16.666666666666664,5.4945054945054945,8.035714285714286,5.154639175257731,6.097560975609756,5.376344086021505,5.681818181818182,5.154639175257731,7.608695652173914,10.0,15.11627906976744,14.634146341463413,16.666666666666664,7.103825136612022,16.666666666666664,5.0,5.0,5.0,11.214953271028037,5.0,5.813953488372093,5.0,5.434782608695652,7.142857142857142,5.0,6.25,7.82608695652174,5.0,7.103825136612022,13.157894736842104,5.0,11.904761904761903,19.597989949748744,5.0,30.08849557522124,5.0,11.11111111111111,30.275229357798167,5.617977528089887,5.0,5.0,5.0,5.0,19.597989949748744,5.4945054945054945,11.214953271028037,5.154639175257731,5.0,21.782178217821784,5.0,23.52941176470588,5.0,15.730337078651685,5.0,5.0,5.0,25.0,10.0,34.437086092715234,5.0,5.0,5.0,12.643678160919542,5.208333333333334,5.4945054945054945,9.876543209876543,5.0,14.634146341463413,5.0,12.173913043478262,5.0,5.0,5.0,11.904761904761903,5.555555555555555,10.0,5.0,15.730337078651685,5.0,5.0,9.090909090909092,5.0,5.0,5.0,4.761904761904762,9.67741935483871,5.0,5.0,5.0,5.0,5.813953488372093,5.617977528089887,5.0,5.0,8.433734939759036,12.145748987854251,5.747126436781609,5.0,5.0,20.161290322580644,5.0,10.344827586206897,5.747126436781609,5.747126436781609,5.0,5.0,5.0,11.650485436893204,14.615384615384617,5.0,5.617977528089887,5.0,12.790697674418606,5.0,5.813953488372093,14.615384615384617,8.433734939759036,5.0,5.0,5.0,5.0,10.915492957746478,9.67741935483871,5.0,5.0,5.0,4.132231404958678,5.0,5.0,4.587155963302752,14.615384615384617,16.666666666666664,19.718309859154928,5.0,5.0,5.0,8.421052631578947
5.617977528089887,4.464285714285714,42.30769230769231,2.9940119760479043,5.617977528089887,100.0,44.0,12.76595744680851,21.818181818181817,44.0,57.89473684210527,12.76595744680851,31.11111111111111,12.76595744680851,57.89473684210527,27.906976744186046,44.0,50.0,52.38095238095239,80.0,44.0,65.0,12.244897959183673,17.857142857142858,21.73913043478261,12.76595744680851,9.243697478991598,12.76595744680851,28.57142857142857,28.57142857142857,28.57142857142857,29.268292682926827,28.57142857142857,78.57142857142857,28.57142857142857,63.1578947368421,39.285714285714285,28.57142857142857,16.129032258064516,28.888888888888886,28.57142857142857,9.243697478991598,7.971014492753622,28.57142857142857,21.73913043478261,2.9940119760479043,28.57142857142857,6.578947368421052,28.57142857142857,26.31578947368421,7.042253521126761,64.70588235294117,28.57142857142857,28.57142857142857,28.57142857142857,28.57142857142857,2.9940119760479043,76.47058823529412,29.268292682926827,44.0,28.57142857142857,2.857142857142857,28.57142857142857,6.578947368421052,28.57142857142857,15.625,28.57142857142857,28.57142857142857,28.57142857142857,9.25925925925926,29.411764705882355,4.580152671755725,28.57142857142857,28.57142857142857,28.57142857142857,18.51851851851852,52.17391304347826,76.47058823529412,27.77777777777778,28.57142857142857,21.73913043478261,28.57142857142857,10.526315789473683,28.57142857142857,28.57142857142857,28.57142857142857,21.73913043478261,70.58823529411765,29.411764705882355,28.57142857142857,15.625,28.57142857142857,28.57142857142857,16.666666666666664,28.57142857142857,28.57142857142857,28.57142857142857,15.789473684210526,16.129032258064516,28.57142857142857,28.57142857142857,28.57142857142857,28.57142857142857,31.57894736842105,27.27272727272727,28.57142857142857,28.57142857142857,26.31578947368421,2.9268292682926833,30.0,28.57142857142857,28.57142857142857,6.41025641025641,28.57142857142857,20.0,30.0,30.0,28.57142857142857,28.57142857142857,28.57142857142857,11.363636363636363,13.698630136986301,28.57142857142857,27.27272727272727,28.57142857142857,19.230769230769234,28.57142857142857,31.57894736842105,13.698630136986301,26.31578947368421,28.57142857142857,28.57142857142857,28.57142857142857,28.57142857142857,5.063291139240507,16.129032258064516,28.57142857142857,28.57142857142857,28.57142857142857,11.11111111111111,28.57142857142857,28.57142857142857,33.33333333333333,13.698630136986301,8.849557522123893,5.05050505050505,28.57142857142857,28.57142857142857,28.57142857142857,15.625
5.154639175257731,4.166666666666666,50.0,2.857142857142857,5.154639175257731,44.0,100.0,15.09433962264151,20.967741935483872,100.0,58.333333333333336,15.09433962264151,21.818181818181817,15.09433962264151,58.333333333333336,26.0,100.0,31.818181818181817,53.84615384615385,45.83333333333333,100.0,46.42857142857143,14.545454545454545,13.88888888888889,16.129032258064516,15.09433962264151,10.4,15.09433962264151,18.181818181818183,18.181818181818183,18.181818181818183,22.0,18.181818181818183,50.0,18.181818181818183,39.285714285714285,46.875,18.181818181818183,12.82051282051282,22.22222222222222,18.181818181818183,10.4,9.027777777777777,18.181818181818183,16.129032258064516,2.857142857142857,18.181818181818183,5.952380952380952,18.181818181818183,18.51851851851852,6.329113924050633,63.63636363636363,18.181818181818183,18.181818181818183,18.181818181818183,18.181818181818183,2.857142857142857,52.0,22.0,100.0,18.181818181818183,2.73224043715847,18.181818181818183,5.952380952380952,18.181818181818183,12.5,18.181818181818183,18.181818181818183,18.181818181818183,8.064516129032258,20.0,5.839416058394161,18.181818181818183,18.181818181818183,18.181818181818183,14.285714285714285,59.25925925925925,52.0,19.230769230769234,18.181818181818183,16.129032258064516,18.181818181818183,12.698412698412698,18.181818181818183,18.181818181818183,18.181818181818183,16.129032258064516,42.30769230769231,20.0,18.181818181818183,12.5,18.181818181818183,18.181818181818183,13.636363636363635,18.181818181818183,18.181818181818183,18.181818181818183,20.930232558139537,12.82051282051282,18.181818181818183,18.181818181818183,18.181818181818183,18.181818181818183,32.0,20.0,18.181818181818183,18.181818181818183,18.51851851851852,3.7914691943127963,21.428571428571427,18.181818181818183,18.181818181818183,5.813953488372093,18.181818181818183,15.151515151515152,21.428571428571427,21.428571428571427,18.181818181818183,18.181818181818183,18.181818181818183,9.615384615384617,15.18987341772152,18.181818181818183,28.57142857142857,18.181818181818183,14.705882352941178,18.181818181818183,22.22222222222222,15.18987341772152,18.51851851851852,18.181818181818183,18.181818181818183,18.181818181818183,18.181818181818183,6.639004149377594,12.82051282051282,18.181818181818183,18.181818181818183,18.181818181818183,13.333333333333334,18.181818181818183,18.181818181818183,30.23255813953488,15.18987341772152,10.084033613445378,4.672897196261682,18.181818181818183,18.181818181818183,18.181818181818183,12.5
16.666666666666664,6.7669172932330826,19.230769230769234,7.065217391304348,16.666666666666664,12.76595744680851,15.09433962264151,100.0,12.195121951219512,15.09433962264151,17.02127659574468,100.0,10.526315789473683,100.0,17.02127659574468,12.676056338028168,15.09433962264151,15.0,18.75,13.043478260869565,15.09433962264151,18.367346938775512,26.984126984126984,9.433962264150944,10.416666666666668,100.0,7.638888888888889,100.0,10.256410256410255,10.256410256410255,10.256410256410255,9.859154929577464,10.256410256410255,13.636363636363635,10.256410256410255,12.0,18.51851851851852,10.256410256410255,8.928571428571429,10.666666666666668,10.256410256410255,7.638888888888889,8.074534161490684,10.256410256410255,10.416666666666668,7.065217391304348,10.256410256410255,9.278350515463918,10.256410256410255,13.953488372093023,9.782608695652174,12.76595744680851,10.256410256410255,10.256410256410255,10.256410256410255,10.256410256410255,7.065217391304348,17.02127659574468,9.859154929577464,15.09433962264151,10.256410256410255,5.670103092783505,10.256410256410255,9.278350515463918,10.256410256410255,10.714285714285714,10.256410256410255,10.256410256410255,10.256410256410255,10.526315789473683,11.904761904761903,31.70731707317073,10.256410256410255,10.256410256410255,10.256410256410255,14.000000000000002,15.384615384615385,17.02127659574468,11.627906976744185,10.256410256410255,10.416666666666668,10.256410256410255,37.5,10.256410256410255,10.256410256410255,10.256410256410255,10.416666666666668,12.5,11.904761904761903,10.256410256410255,10.714285714285714,10.256410256410255,10.256410256410255,11.666666666666666,10.256410256410255,10.256410256410255,10.256410256410255,15.0,8.928571428571429,10.256410256410255,10.256410256410255,10.256410256410255,10.256410256410255,19.047619047619047,15.217391304347828,10.256410256410255,10.256410256410255,11.363636363636363,5.357142857142857,15.909090909090908,10.256410256410255,10.256410256410255,8.0,10.256410256410255,10.0,15.909090909090908,18.6046511627907,10.256410256410255,10.256410256410255,10.256410256410255,7.246376811594203,12.5,10.256410256410255,20.454545454545457,10.256410256410255,12.0,10.256410256410255,16.27906976744186,12.5,11.363636363636363,10.256410256410255,10.256410256410255,10.256410256410255,10.256410256410255,5.7915057915057915,8.928571428571429,10.256410256410255,10.256410256410255,10.256410256410255,11.842105263157894,10.256410256410255,10.256410256410255,12.307692307692308,12.5,23.333333333333332,6.6115702479338845,10.256410256410255,10.256410256410255,10.256410256410255,8.771929824561402
8.130081300813007,8.333333333333332,22.58064516129032,8.205128205128204,8.130081300813007,21.818181818181817,20.967741935483872,12.195121951219512,100.0,20.967741935483872,23.214285714285715,12.195121951219512,58.06451612903226,12.195121951219512,23.214285714285715,62.06896551724138,20.967741935483872,13.20754716981132,22.413793103448278,22.22222222222222,20.967741935483872,30.909090909090907,17.5,7.462686567164178,8.064516129032258,12.195121951219512,26.119402985074625,12.195121951219512,7.547169811320755,7.547169811320755,7.547169811320755,48.38709677419355,7.547169811320755,20.754716981132077,7.547169811320755,20.689655172413794,21.875,7.547169811320755,7.142857142857142,59.01639344262295,7.547169811320755,26.119402985074625,22.875816993464053,7.547169811320755,8.064516129032258,8.205128205128204,7.547169811320755,11.11111111111111,7.547169811320755,14.545454545454545,11.650485436893204,19.642857142857142,7.547169811320755,7.547169811320755,7.547169811320755,7.547169811320755,8.205128205128204,25.454545454545453,48.38709677419355,20.967741935483872,7.547169811320755,11.16751269035533,7.547169811320755,4.3478260869565215,7.547169811320755,10.144927536231885,7.547169811320755,7.547169811320755,7.547169811320755,5.376344086021505,8.928571428571429,8.641975308641975,7.547169811320755,7.547169811320755,7.547169811320755,7.575757575757576,23.333333333333332,25.454545454545453,8.771929824561402,7.547169811320755,8.064516129032258,7.547169811320755,15.909090909090908,7.547169811320755,7.547169811320755,7.547169811320755,8.064516129032258,21.428571428571427,8.928571428571429,7.547169811320755,10.144927536231885,7.547169811320755,7.547169811320755,8.0,7.547169811320755,7.547169811320755,7.547169811320755,10.666666666666668,7.142857142857142,7.547169811320755,7.547169811320755,7.547169811320755,7.547169811320755,14.285714285714285,9.836065573770492,7.547169811320755,7.547169811320755,8.620689655172415,10.13215859030837,10.16949152542373,7.547169811320755,7.547169811320755,12.962962962962962,7.547169811320755,7.8125,10.16949152542373,10.16949152542373,7.547169811320755,7.547169811320755,7.547169811320755,6.024096385542169,19.607843137254903,7.547169811320755,13.559322033898304,7.547169811320755,12.903225806451612,7.547169811320755,10.344827586206897,19.607843137254903,8.620689655172415,7.547169811320755,7.547169811320755,7.547169811320755,7.547169811320755,10.344827586206897,7.142857142857142,7.547169811320755,7.547169811320755,7.547169811320755,8.791208791208792,7.547169811320755,7.547169811320755,19.17808219178082,19.607843137254903,18.248175182481752,8.333333333333332,7.547169811320755,7.547169811320755,7.547169811320755,7.042253521126761
5.154639175257731,4.166666666666666,50.0,2.857142857142857,5.154639175257731,44.0,100.0,15.09433962264151,20.967741935483872,100.0,58.333333333333336,15.09433962264151,21.818181818181817,15.09433962264151,58.333333333333336,26.0,100.0,31.818181818181817,53.84615384615385,45.83333333333333,100.0,46.42857142857143,14.545454545454545,13.88888888888889,16.129032258064516,15.09433962264151,10.4,15.09433962264151,18.181818181818183,18.181818181818183,18.181818181818183,22.0,18.181818181818183,50.0,18.181818181818183,39.285714285714285,46.875,18.181818181818183,12.82051282051282,22.22222222222222,18.181818181818183,10.4,9.027777777777777,18.181818181818183,16.129032258064516,2.857142857142857,18.181818181818183,5.952380952380952,18.181818181818183,18.51851851851852,6.329113924050633,63.63636363636363,18.181818181818183,18.181818181818183,18.181818181818183,18.181818181818183,2.857142857142857,52.0,22.0,100.0,18.181818181818183,2.73224043715847,18.181818181818183,5.952380952380952,18.181818181818183,12.5,18.181818181818183,18.181818181818183,18.181818181818183,8.064516129032258,20.0,5.839416058394161,18.181818181818183,18.181818181818183,18.181818181818183,14.285714285714285,59.25925925925925,52.0,19.230769230769234,18.181818181818183,16.129032258064516,18.181818181818183,12.698412698412698,18.181818181818183,18.181818181818183,18.181818181818183,16.129032258064516,42.30769230769231,20.0,18.181818181818183,12.5,18.181818181818183,18.181818181818183,13.636363636363635,18.181818181818183,18.181818181818183,18.181818181818183,20.930232558139537,12.82051282051282,18.181818181818183,18.181818181818183,18.181818181818183,18.181818181818183,32.0,20.0,18.181818181818183,18.181818181818183,18.51851851851852,3.7914691943127963,21.428571428571427,18.181818181818183,18.181818181818183,5.813953488372093,18.181818181818183,15.151515151515152,21.428571428571427,21.428571428571427,18.181818181818183,18.181818181818183,18.181818181818183,9.615384615384617,15.18987341772152,18.181818181818183,28.57142857142857,18.181818181818183,14.705882352941178,18.181818181818183,22.22222222222222,15.18987341772152,18.51851851851852,18.181818181818183,18.181818181818183,18.181818181818183,18.181818181818183,6.639004149377594,12.82051282051282,18.181818181818183,18.181818181818183,18.181818181818183,13.333333333333334,18.181818181818183,18.181818181818183,30.23255813953488,15.18987341772152,10.084033613445378,4.672897196261682,18.181818181818183,18.181818181818183,18.181818181818183,12.5
5.4945054945054945,4.385964912280701,56.00000000000001,2.9585798816568047,5.4945054945054945,57.89473684210527,58.333333333333336,17.02127659574468,23.214285714285715,58.333333333333336,100.0,17.02127659574468,24.489795918367346,17.02127659574468,100.0,29.545454545454547,58.333333333333336,43.75,70.0,61.111111111111114,58.333333333333336,59.09090909090909,16.3265306122449,16.666666666666664,20.0,17.02127659574468,10.92436974789916,17.02127659574468,25.0,25.0,25.0,25.0,25.0,68.75,25.0,50.0,51.85185185185185,25.0,15.151515151515152,25.0,25.0,10.92436974789916,10.218978102189782,25.0,20.0,2.9585798816568047,25.0,6.41025641025641,25.0,23.809523809523807,6.8493150684931505,66.66666666666666,25.0,25.0,25.0,25.0,2.9585798816568047,68.42105263157895,25.0,58.333333333333336,25.0,2.824858757062147,25.0,6.41025641025641,25.0,14.705882352941178,25.0,25.0,25.0,8.928571428571429,26.31578947368421,6.106870229007633,25.0,25.0,25.0,17.24137931034483,54.166666666666664,68.42105263157895,25.0,25.0,20.0,25.0,14.035087719298245,25.0,25.0,25.0,20.0,55.00000000000001,26.31578947368421,25.0,14.705882352941178,25.0,25.0,15.789473684210526,25.0,25.0,25.0,24.324324324324326,15.151515151515152,25.0,25.0,25.0,25.0,50.0,25.0,25.0,25.0,23.809523809523807,4.411764705882353,27.27272727272727,25.0,25.0,6.25,25.0,18.51851851851852,27.27272727272727,27.27272727272727,25.0,25.0,25.0,10.869565217391305,16.43835616438356,25.0,36.36363636363637,25.0,17.857142857142858,25.0,28.57142857142857,16.43835616438356,23.809523809523807,25.0,25.0,25.0,25.0,5.46218487394958,15.151515151515152,25.0,25.0,25.0,16.9811320754717,25.0,25.0,35.13513513513514,16.43835616438356,10.619469026548673,4.9504950495049505,25.0,25.0,25.0,14.705882352941178
16.666666666666664,6.7669172932330826,19.230769230769234,7.065217391304348,16.666666666666664,12.76595744680851,15.09433962264151,100.0,12.195121951219512,15.09433962264151,17.02127659574468,100.0,10.526315789473683,100.0,17.02127659574468,12.676056338028168,15.09433962264151,15.0,18.75,13.043478260869565,15.09433962264151,18.367346938775512,26.984126984126984,9.433962264150944,10.416666666666668,100.0,7.638888888888889,100.0,10.256410256410255,10.256410256410255,10.256410256410255,9.859154929577464,10.256410256410255,13.636363636363635,10.256410256410255,12.0,18.51851851851852,10.256410256410255,8.928571428571429,10.666666666666668,10.256410256410255,7.638888888888889,8.074534161490684,10.256410256410255,10.416666666666668,7.065217391304348,10.256410256410255,9.278350515463918,10.256410256410255,13.953488372093023,9.782608695652174,12.76595744680851,10.256410256410255,10.256410256410255,10.256410256410255,10.256410256410255,7.065217391304348,17.02127659574468,9.859154929577464,15.09433962264151,10.256410256410255,5.670103092783505,10.256410256410255,9.278350515463918,10.256410256410255,10.714285714285714,10.256410256410255,10.256410256410255,10.256410256410255,10.526315789473683,11.904761904761903,31.70731707317073,10.256410256410255,10.256410256410255,10.256410256410255,14.000000000000002,15.384615384615385,17.02127659574468,11.627906976744185,10.256410256410255,10.416666666666668,10.256410256410255,37.5,10.256410256410255,10.256410256410255,10.256410256410255,10.416666666666668,12.5,11.904761904761903,10.256410256410255,10.714285714285714,10.256410256410255,10.256410256410255,11.666666666666666,10.256410256410255,10.256410256410255,10.256410256410255,15.0,8.928571428571429,10.256410256410255,10.256410256410255,10.256410256410255,10.256410256410255,19.047619047619047,15.217391304347828,10.256410256410255,10.256410256410255,11.363636363636363,5.357142857142857,15.909090909090908,10.256410256410255,10.256410256410255,8.0,10.256410256410255,10.0,15.909090909090908,18.6046511627907,10.256410256410255,10.256410256410255,10.256410256410255,7.246376811594203,12.5,10.256410256410255,20.454545454545457,10.256410256410255,12.0,10.256410256410255,16.27906976744186,12.5,11.363636363636363,10.256410256410255,10.256410256410255,10.256410256410255,10.256410256410255,5.7915057915057915,8.928571428571429,10.256410256410255,10.256410256410255,10.256410256410255,11.842105263157894,10.256410256410255,10.256410256410255,12.307692307692308,12.5,23.333333333333332,6.6115702479338845,10.256410256410255,10.256410256410255,10.256410256410255,8.771929824561402
7.758620689655173,8.823529411764707,21.428571428571427,6.842105263157896,7.758620689655173,31.11111111111111,21.818181818181817,10.526315789473683,58.06451612903226,21.818181818181817,24.489795918367346,10.526315789473683,100.0,10.526315789473683,24.489795918367346,59.25925925925925,21.818181818181817,15.555555555555555,23.52941176470588,26.08695652173913,21.818181818181817,33.33333333333333,17.80821917808219,8.47457627118644,9.25925925925926,10.526315789473683,21.96969696969697,10.526315789473683,8.88888888888889,8.88888888888889,8.88888888888889,55.55555555555556,8.88888888888889,24.444444444444443,8.88888888888889,24.0,20.689655172413794,8.88888888888889,8.064516129032258,97.77777777777777,8.88888888888889,21.96969696969697,19.205298013245034,8.88888888888889,9.25925925925926,6.842105263157896,8.88888888888889,10.891089108910892,8.88888888888889,14.583333333333334,12.631578947368421,22.916666666666664,8.88888888888889,8.88888888888889,8.88888888888889,8.88888888888889,6.842105263157896,29.78723404255319,55.55555555555556,21.818181818181817,8.88888888888889,10.471204188481675,8.88888888888889,4.672897196261682,8.88888888888889,11.475409836065573,8.88888888888889,8.88888888888889,8.88888888888889,5.88235294117647,10.416666666666668,5.660377358490567,8.88888888888889,8.88888888888889,8.88888888888889,8.620689655172415,24.528301886792452,29.78723404255319,10.204081632653061,8.88888888888889,9.25925925925926,8.88888888888889,16.049382716049383,8.88888888888889,8.88888888888889,8.88888888888889,9.25925925925926,25.0,10.416666666666668,8.88888888888889,11.475409836065573,8.88888888888889,8.88888888888889,8.955223880597014,8.88888888888889,8.88888888888889,8.88888888888889,10.294117647058822,8.064516129032258,8.88888888888889,8.88888888888889,8.88888888888889,8.88888888888889,14.285714285714285,11.320754716981133,8.88888888888889,8.88888888888889,10.0,10.50228310502283,11.76470588235294,8.88888888888889,8.88888888888889,12.871287128712872,8.88888888888889,8.928571428571429,11.76470588235294,11.76470588235294,8.88888888888889,8.88888888888889,8.88888888888889,6.666666666666667,20.0,8.88888888888889,13.461538461538462,8.88888888888889,12.727272727272727,8.88888888888889,12.0,20.0,10.0,8.88888888888889,8.88888888888889,8.88888888888889,8.88888888888889,8.949416342412452,8.064516129032258,8.88888888888889,8.88888888888889,8.88888888888889,8.333333333333332,8.88888888888889,8.88888888888889,19.696969696969695,20.0,16.666666666666664,8.870967741935484,8.88888888888889,8.88888888888889,8.88888888888889,7.936507936507936
16.666666666666664,6.7669172932330826,19.230769230769234,7.065217391304348,16.666666666666664,12.76595744680851,15.09433962264151,100.0,12.195121951219512,15.09433962264151,17.02127659574468,100.0,10.526315789473683,100.0,17.02127659574468,12.676056338028168,15.09433962264151,15.0,18.75,13.043478260869565,15.09433962264151,18.367346938775512,26.984126984126984,9.433962264150944,10.416666666666668,100.0,7.638888888888889,100.0,10.256410256410255,10.256410256410255,10.256410256410255,9.859154929577464,10.256410256410255,13.636363636363635,10.256410256410255,12.0,18.51851851851852,10.256410256410255,8.928571428571429,10.666666666666668,10.256410256410255,7.638888888888889,8.074534161490684,10.256410256410255,10.416666666666668,7.065217391304348,10.256410256410255,9.278350515463918,10.256410256410255,13.953488372093023,9.782608695652174,12.76595744680851,10.256410256410255,10.256410256410255,10.256410256410255,10.256410256410255,7.065217391304348,17.02127659574468,9.859154929577464,15.09433962264151,10.256410256410255,5.670103092783505,10.256410256410255,9.278350515463918,10.256410256410255,10.714285714285714,10.256410256410255,10.256410256410255,10.256410256410255,10.526315789473683,11.904761904761903,31.70731707317073,10.256410256410255,10.256410256410255,10.256410256410255,14.000000000000002,15.384615384615385,17.02127659574468,11.627906976744185,10.256410256410255,10.416666666666668,10.256410256410255,37.5,10.256410256410255,10.256410256410255,10.256410256410255,10.416666666666668,12.5,11.904761904761903,10.256410256410255,10.714285714285714,10.256410256410255,10.256410256410255,11.666666666666666,10.256410256410255,10.256410256410255,10.256410256410255,15.0,8.928571428571429,10.256410256410255,10.256410256410255,10.256410256410255,10.256410256410255,19.047619047619047,15.217391304347828,10.256410256410255,10.256410256410255,11.363636363636363,5.357142857142857,15.909090909090908,10.256410256410255,10.256410256410255,8.0,10.256410256410255,10.0,15.909090909090908,18.6046511627907,10.256410256410255,10.256410256410255,10.256410256410255,7.246376811594203,12.5,10.256410256410255,20.454545454545457,10.256410256410255,12.0,10.256410256410255,16.27906976744186,12.5,11.363636363636363,10.256410256410255,10.256410256410255,10.256410256410255,10.256410256410255,5.7915057915057915,8.928571428571429,10.256410256410255,10.256410256410255,10.256410256410255,11.842105263157894,10.256410256410255,10.256410256410255,12.307692307692308,12.5,23.333333333333332,6.6115702479338845,10.256410256410255,10.256410256410255,10.256410256410255,8.771929824561402
5.4945054945054945,4.385964912280701,56.00000000000001,2.9585798816568047,5.4945054945054945,57.89473684210527,58.333333333333336,17.02127659574468,23.214285714285715,58.333333333333336,100.0,17.02127659574468,24.489795918367346,17.02127659574468,100.0,29.545454545454547,58.333333333333336,43.75,70.0,61.111111111111114,58.333333333333336,59.09090909090909,16.3265306122449,16.666666666666664,20.0,17.02127659574468,10.92436974789916,17.02127659574468,25.0,25.0,25.0,25.0,25.0,68.75,25.0,50.0,51.85185185185185,25.0,15.151515151515152,25.0,25.0,10.92436974789916,10.218978102189782,25.0,20.0,2.9585798816568047,25.0,6.41025641025641,25.0,23.809523809523807,6.8493150684931505,66.66666666666666,25.0,25.0,25.0,25.0,2.9585798816568047,68.42105263157895,25.0,58.333333333333336,25.0,2.824858757062147,25.0,6.41025641025641,25.0,14.705882352941178,25.0,25.0,25.0,8.928571428571429,26.31578947368421,6.106870229007633,25.0,25.0,25.0,17.24137931034483,54.166666666666664,68.42105263157895,25.0,25.0,20.0,25.0,14.035087719298245,25.0,25.0,25.0,20.0,55.00000000000001,26.31578947368421,25.0,14.705882352941178,25.0,25.0,15.789473684210526,25.0,25.0,25.0,24.324324324324326,15.151515151515152,25.0,25.0,25.0,25.0,50.0,25.0,25.0,25.0,23.809523809523807,4.411764705882353,27.27272727272727,25.0,25.0,6.25,25.0,18.51851851851852,27.27272727272727,27.27272727272727,25.0,25.0,25.0,10.869565217391305,16.43835616438356,25.0,36.36363636363637,25.0,17.857142857142858,25.0,28.57142857142857,16.43835616438356,23.809523809523807,25.0,25.0,25.0,25.0,5.46218487394958,15.151515151515152,25.0,25.0,25.0,16.9811320754717,25.0,25.0,35.13513513513514,16.43835616438356,10.619469026548673,4.9504950495049505,25.0,25.0,25.0,14.705882352941178
8.035714285714286,5.88235294117647,25.49019607843137,6.989247311827956,8.035714285714286,27.906976744186046,26.0,12.676056338028168,62.06896551724138,26.0,29.545454545454547,12.676056338028168,59.25925925925925,12.676056338028168,29.545454545454547,100.0,26.0,17.073170731707318,28.26086956521739,28.57142857142857,26.0,36.36363636363637,13.88888888888889,9.090909090909092,10.0,12.676056338028168,20.76923076923077,12.676056338028168,9.75609756097561,9.75609756097561,9.75609756097561,60.0,9.75609756097561,26.82926829268293,9.75609756097561,26.08695652173913,24.528301886792452,9.75609756097561,8.620689655172415,60.37735849056604,9.75609756097561,20.76923076923077,18.120805369127517,9.75609756097561,10.0,6.989247311827956,9.75609756097561,11.34020618556701,9.75609756097561,15.909090909090908,11.956521739130435,25.0,9.75609756097561,9.75609756097561,9.75609756097561,9.75609756097561,6.989247311827956,32.55813953488372,60.0,26.0,9.75609756097561,7.8125,9.75609756097561,4.854368932038835,9.75609756097561,12.280701754385964,9.75609756097561,9.75609756097561,9.75609756097561,6.172839506172839,11.363636363636363,6.493506493506493,9.75609756097561,9.75609756097561,9.75609756097561,9.25925925925926,29.166666666666668,32.55813953488372,11.11111111111111,9.75609756097561,10.0,9.75609756097561,12.5,9.75609756097561,9.75609756097561,9.75609756097561,10.0,27.27272727272727,11.363636363636363,9.75609756097561,12.280701754385964,9.75609756097561,9.75609756097561,9.523809523809524,9.75609756097561,9.75609756097561,9.75609756097561,12.698412698412698,8.620689655172415,9.75609756097561,9.75609756097561,9.75609756097561,9.75609756097561,18.181818181818183,12.244897959183673,9.75609756097561,9.75609756097561,10.869565217391305,8.181818181818182,12.76595744680851,9.75609756097561,9.75609756097561,13.402061855670103,9.75609756097561,9.615384615384617,12.76595744680851,12.76595744680851,9.75609756097561,9.75609756097561,9.75609756097561,7.042253521126761,22.22222222222222,9.75609756097561,17.02127659574468,9.75609756097561,13.725490196078432,9.75609756097561,13.043478260869565,22.22222222222222,10.869565217391305,9.75609756097561,9.75609756097561,9.75609756097561,9.75609756097561,10.4,8.620689655172415,9.75609756097561,9.75609756097561,9.75609756097561,10.126582278481013,9.75609756097561,9.75609756097561,27.11864406779661,22.22222222222222,14.50381679389313,9.166666666666666,9.75609756097561,9.75609756097561,9.75609756097561,8.47457627118644
